<sos> : 0.0187343 0.460457 -0.0325709 -0.181341 0.0147825 -0.142657 -0.384172 -0.433581 0.102755 0.156768 0.125752 0.0411852 0.102193 -0.0919495 -0.0488752 0.353266 
<eos> : 2.33579 -2.41975 2.14526 0.426806 -0.270485 -5.86749 -2.6512 -1.62993 -1.57042 -2.59718 2.20416 -6.25202 -0.745288 -2.94565 -3.57488 2.64515 
<pad> : 0.144007 0.242001 0.476217 0.489105 0.261475 0.287929 0.0677222 -0.0760881 0.217733 0.0125562 0.46587 0.581747 0.608083 0.145764 0.382978 0.459893 
<user> : -1.40716 -0.642525 -0.967909 0.485226 -1.16756 -0.36777 -0.605407 -1.32544 -0.544934 -1.69017 -0.694593 0.276943 1.11313 -0.427683 -1.59325 -2.04781 
<bot> : -2.23011 -1.76741 -1.863 1.18507 -1.59662 -0.545466 -0.364063 -1.33513 -0.539123 -2.40464 -0.596725 1.41891 1.28333 -0.549257 -2.22167 -2.84379 
<unk> : 0.397312 0.227038 0.238614 0.335526 0.564383 0.340467 0.0670196 -0.0217117 0.180501 -0.146411 0.242216 0.433006 0.437474 0.272112 0.242487 0.362979 
hi, : 0.22133 1.35532 -0.152363 0.568152 0.0888455 0.0459492 0.142114 -0.170817 0.613169 0.421923 0.264143 0.0905032 0.190506 0.225725 -0.08183 0.238747 
how : -0.42681 0.695451 -0.07859 -0.181494 -0.157349 -1.01274 0.237028 0.591723 -0.155362 0.53149 -1.64416 -2.83679 0.226707 -0.0770108 0.911771 -0.439212 
are : 0.336119 1.99824 0.103702 -0.002023 0.277279 -0.772445 0.323588 0.0555003 -2.36475 -2.95511 0.519064 -1.05723 0.648888 2.58765 0.797964 -1.74591 
you : -1.45747 -1.52748 0.155566 0.556595 -0.894384 -1.11177 0.0427716 2.01586 -0.393711 -1.23081 0.898773 0.132875 -0.72643 0.924305 1.08243 -0.150306 
doing? : 0.670438 0.0119684 0.758314 0.663401 0.455303 -0.514878 0.494076 0.354561 0.333811 0.0746747 0.657556 -0.000692535 0.614942 0.113619 0.556224 0.506726 
i'm : 0.0230512 -0.288561 -0.329982 0.526265 -0.558741 -1.10809 -0.552782 -0.557892 -0.210038 -0.222482 -0.742439 -0.192812 -0.64368 0.938176 -1.2841 0.431292 
fine. : 0.192196 2.20741 -0.458599 0.155303 0.0940708 -0.59723 -0.0878893 0.119687 0.29087 0.812669 -0.133681 0.350733 -0.143192 0.440919 0.257314 0.0140122 
about : -1.04049 0.804158 -2.09048 0.745599 1.84084 0.176901 -1.7106 0.839393 0.324791 -0.141718 -1.15776 -0.753504 0.643848 -0.592229 -1.62084 -0.207786 
yourself? : 0.560332 0.540381 0.148363 0.92501 0.931001 -0.29248 -0.535951 0.731545 0.31523 -0.258028 0.3534 -0.572602 0.664402 -0.162657 0.200197 0.805316 
pretty : 1.4373 0.956104 -0.478584 -2.44703 1.29267 -0.978379 0.0736638 0.444274 1.1426 1.05365 0.948881 -0.534839 -0.328704 1.30323 -2.00932 -2.64548 
good. : 1.22753 0.749516 -0.824097 0.877812 1.56219 -1.3211 -0.623964 -0.413746 0.78045 -0.312315 -0.0996536 0.424238 -1.42571 -0.328067 -1.99498 -0.807995 
thanks : 0.253821 0.278958 0.278803 0.329477 -1.17071 -1.19689 0.736765 1.85717 1.0562 1.10212 0.996535 2.05749 0.560822 0.810496 -0.0349135 -0.144349 
for : 1.05095 -0.66954 -0.517408 -1.69943 -0.00998346 0.850271 0.381229 0.565481 0.772177 0.159377 -0.425548 1.18076 1.08323 0.192931 0.467576 -0.250622 
asking. : 0.766677 -0.251976 0.641406 0.624338 0.351182 -0.522583 -0.0103044 0.359827 0.835127 -0.0788481 0.838226 -0.207854 0.611502 -0.0927237 0.27454 0.940238 
no : -0.385924 0.300233 1.44671 0.234501 -0.27342 0.564707 0.612665 0.696168 1.34957 0.598229 0.998355 0.944527 1.24005 1.29698 -0.218097 -1.73648 
problem. : -0.532045 0.840715 2.10067 0.255796 1.13735 0.180746 0.0583077 -0.716385 0.00394008 1.82024 -0.614424 0.225561 0.265117 0.736108 0.181738 0.023117 
so : -1.19185 2.58093 2.37731 -0.45506 -0.605436 0.00883914 -1.17378 -0.467002 2.29484 0.0107758 -1.84252 -1.40592 -1.86915 0.0571397 -1.39922 -2.92725 
have : 0.457127 2.18819 -0.0131027 0.359128 0.746307 -0.274826 0.56979 0.633708 -1.65358 -1.40273 0.0179164 -0.00241922 1.23865 1.82464 0.691194 -0.126183 
been? : 0.383967 0.315084 0.226314 0.78672 0.60224 -0.635384 0.119644 0.681372 0.221897 -0.0356763 0.631484 0.103102 0.37121 0.127316 0.107926 0.688033 
i've : 0.14775 -1.1481 -1.14862 0.924541 -0.839238 -0.74466 0.687044 0.55611 0.783898 0.866446 -0.300125 -0.626079 0.810041 0.924239 -1.16928 0.16853 
been : 0.872857 -0.0786887 0.417059 -2.95361 0.909211 -1.45889 -1.10528 0.825725 0.885001 -0.123882 1.22446 -0.543075 -0.933066 2.17542 -0.350718 -0.573474 
great. : 1.27864 -1.82715 -1.94087 0.959965 1.53274 0.143301 0.472518 -1.47622 0.294863 -0.0728285 0.522925 -1.73336 -0.562621 -0.20061 1.11525 0.569411 
what : 0.57004 0.0220095 -2.14965 0.499199 0.721175 1.43117 0.229658 1.13519 -3.44911 -1.34804 0.669807 -0.868163 -1.37431 2.14266 1.67145 0.00213674 
you? : 0.750212 0.358546 0.254289 1.15653 1.10559 -1.02975 -0.471691 0.686526 0.709211 0.728809 0.960118 -0.484764 0.517779 -0.296896 0.166424 1.28918 
in : -0.454473 -0.895187 -1.22972 -0.485098 -0.193456 3.48327 -1.4364 1.17286 -3.18837 -0.133312 1.92711 0.907155 -1.026 1.75189 -0.616124 0.318857 
school : 0.632858 1.36871 0.770416 -1.21635 1.60059 1.21862 -1.79924 0.606311 -0.438106 -1.25007 -1.42334 -1.70487 0.519639 2.57227 -0.205131 -0.105896 
right : 1.479 -1.19346 0.71034 -2.19683 -0.118162 1.78357 -1.43183 1.67503 3.07456 -0.367813 -1.20921 -1.33486 0.819276 0.309577 -0.390309 -2.03843 
now. : 1.18501 -0.198471 0.52422 0.417371 0.498946 -0.172301 -0.502123 0.413744 1.03533 -0.247157 0.124667 -0.451683 0.238512 -0.363269 0.0980354 0.877008 
do : 0.834266 0.708252 0.282036 -0.155499 0.629768 -0.278611 0.464008 -0.559338 -1.63213 -0.928344 1.63403 -0.294781 1.05592 2.63902 0.847828 -0.650399 
go : -0.354098 0.0594429 1.06129 -1.7096 1.39016 1.26387 -2.17828 1.08757 -0.777216 0.559051 -0.647991 0.602275 -1.65476 1.27332 0.895708 -1.7058 
to? : 0.648529 0.111998 0.478447 0.606636 0.942018 0.0261849 -0.470247 -0.0590902 0.057186 -0.134149 0.585075 -0.351925 0.635773 -0.442221 0.53858 0.51585 
i : 0.151748 -0.0629904 -0.555175 0.0243929 -0.940181 -0.00306671 -0.796812 -0.808693 0.0686499 0.155054 -0.12687 -0.238899 -0.384044 -0.526184 1.33518 -0.362856 
to : 0.113044 -1.51802 -0.110539 -0.690657 -0.276858 0.0337496 -1.82358 2.92289 -0.988249 -1.41943 -1.50548 -0.589425 0.426847 -0.828569 -1.0108 0.0292875 
pcc. : 0.58144 -0.495359 0.811402 0.632873 0.657572 -0.115893 -0.197132 0.51037 0.858825 -0.0919565 0.509369 -0.321943 0.396341 -0.561082 0.183384 0.850412 
like : -0.200969 0.683756 -2.23092 0.170915 0.396865 -0.21707 0.804342 0.452251 -1.18155 1.53246 -1.57801 -0.0175565 0.188425 0.336531 0.568819 0.119464 
it : -1.58823 0.552662 0.145666 -1.89579 -1.23079 -0.15552 0.496898 -0.210598 -0.72663 0.195385 -0.76564 0.426092 0.0383021 0.139947 -1.10891 0.318721 
there? : 0.778748 0.166444 0.489591 0.342733 0.295899 -0.362274 0.378137 0.327312 0.498807 -0.0170691 0.496988 -0.516738 0.507 -0.243974 0.140821 0.936907 
it's : -0.615974 0.209768 0.413963 0.599761 -0.052397 -0.252877 0.422755 0.260432 -0.466031 0.179976 0.815447 0.498444 -1.35607 0.351719 -0.344669 -1.00061 
okay. : 0.0234748 -0.0512151 0.783349 -0.457168 1.10729 -0.800265 -0.154556 -0.26097 -0.777925 0.600121 1.1459 0.791778 0.411845 -0.996568 0.487708 -0.0439939 
a : -0.502935 2.11892 0.0561154 -0.502629 -0.719787 0.184365 0.607134 2.88577 0.564533 0.266457 0.858898 2.76596 0.661772 -1.3332 -0.684382 -0.715207 
really : -0.0637711 0.0622687 -0.572837 -1.56206 -0.915257 -0.151369 -0.462521 -0.470045 1.50299 0.606299 0.186126 -0.158794 -0.194038 -1.49251 -0.0098517 0.984431 
big : 0.0863188 -0.0500331 -0.95613 -0.0538524 0.26541 1.0003 -0.716653 0.615809 0.0566029 0.53283 0.725992 1.37243 0.848803 0.307431 -0.828091 0.151873 
campus. : 1.05339 -0.293958 0.504285 1.00175 0.488964 -0.501923 -0.253712 0.313419 0.0148125 0.157392 0.518141 0.315289 1.1009 0.0965176 0.224723 0.936413 
good : 1.54928 0.879968 -0.696254 -1.81239 1.00704 2.73252 -0.254398 0.42955 1.46742 1.35004 1.6529 -2.50674 0.550946 0.237518 0.179443 -0.560752 
luck : 0.86721 0.574754 -0.0222619 -0.219626 1.81128 0.491119 -0.0616253 -0.339229 0.790068 1.04246 0.574729 -1.93658 1.52404 0.795574 -0.409629 -0.82855 
with : -1.87211 1.66674 -1.24607 1.95034 0.954335 -1.14439 -1.6051 0.582493 -1.26487 0.548206 0.0419816 1.23457 -0.295487 -0.904209 -0.739749 0.595854 
school. : 0.792966 0.248731 0.0463889 0.661998 0.84077 -0.305374 -0.0177682 -0.0569847 0.374997 0.179144 0.433544 -0.196877 0.498239 -0.207917 -0.0242601 0.494942 
thank : 0.944416 0.164106 0.789727 0.646571 0.448139 -0.380377 1.56745 0.443092 -0.925891 -2.13154 0.647487 0.76952 0.127573 1.08792 0.430593 -1.12548 
very : -0.962965 0.304564 0.212725 -0.516093 0.0673884 0.50705 0.746685 0.979963 -0.302086 -0.631395 0.149452 1.40592 0.281886 1.05486 0.42292 -0.548871 
much. : 0.603209 -0.0943656 0.412879 0.63897 0.59359 -0.0383263 -0.0442937 0.121647 0.627612 -0.15802 0.598088 -0.0101545 0.419991 0.25947 0.205947 0.775868 
how's : -0.141747 0.194084 0.215135 -0.120847 0.598906 1.0242 0.952085 -0.0239554 -0.122533 -0.0619647 0.0831685 0.523129 0.513169 0.175323 0.301046 0.800611 
going? : 0.497885 0.0118641 0.531668 0.554286 0.247992 0.107497 0.425622 0.0743199 0.216785 0.122594 0.454867 -0.0562786 0.520952 -0.262078 0.0337209 0.871763 
doing : 0.488136 0.128432 0.128624 -0.44736 -0.1502 -1.06399 0.882414 -0.519106 0.0757379 0.773116 1.03278 0.226519 -1.46068 0.979339 0.0641422 -0.746306 
well. : 0.268132 1.98545 -0.607182 1.02064 0.211243 -0.454978 0.327863 -0.698624 0.0203074 1.19105 0.278008 0.223924 -0.252318 -0.0945115 0.411317 0.702052 
never : -0.669958 -0.492154 -0.450149 0.8794 0.685084 1.38595 -0.335492 0.938264 0.812125 -0.154254 1.06695 -0.6477 1.90899 1.53561 -0.442932 1.1536 
better, : -1.16266 0.178334 -1.33086 1.07841 0.952402 1.24844 -0.359561 -0.411396 -0.0717116 1.32506 0.712322 0.0600529 0.978673 -0.0865771 -0.483156 0.424984 
thanks. : 1.152 -0.505116 0.311464 1.36356 0.836883 -0.0590172 0.0381372 0.441264 0.856802 0.296524 1.08695 -0.820589 1.10946 0.0395029 -0.0144659 1.1724 
lately? : 0.519443 0.0184874 0.155748 0.26943 0.826956 -0.246093 0.120743 -0.117679 0.872919 -0.11044 0.537055 -0.250069 0.196902 0.24228 0.131829 0.564202 
actually : -0.890439 -0.634342 -1.39333 1.64882 0.0923542 0.525161 -0.377454 -0.480957 1.56678 0.132152 -0.404812 -0.579958 -0.526733 1.78152 -0.466298 -1.44221 
which : 0.302619 -0.910168 -1.37912 -0.352179 0.563461 1.40379 -0.27593 0.11515 -1.10006 -0.270107 0.714423 -0.13461 -0.662643 1.49956 -0.503655 -0.170648 
attend? : 1.22829 0.18403 0.481186 1.03506 1.17826 -0.417564 0.248771 0.639496 0.186969 0.435201 0.863573 -0.0669181 0.77219 0.000481548 0.870655 0.648815 
attending : 0.386449 1.16006 0.409839 0.441536 -0.425585 0.268148 -0.337749 0.267914 1.71113 0.337326 0.246299 -0.0517065 0.592618 1.15946 -0.84034 -0.0315901 
pcc : 0.528189 0.315116 0.516139 0.00436836 0.655954 2.22078 -0.983437 0.710972 1.06094 -0.133848 -0.482529 -0.713556 0.245065 1.23806 0.364704 0.920078 
enjoying : 0.00191073 0.0908348 -0.15987 -1.03446 1.0227 0.831402 1.19643 0.44821 -0.496152 0.354678 -0.30125 0.320761 0.0284611 0.744234 0.515948 1.69852 
not : -1.0107 1.14176 0.194572 0.0066167 0.815972 1.54251 -0.449299 0.760513 -0.530051 -0.40156 0.529131 1.42108 0.00822909 -0.437195 -0.99818 -0.921334 
bad. : 0.668764 1.81756 0.560099 0.151875 0.545139 0.786715 0.846775 0.982397 0.122217 -0.672729 0.572171 0.191264 1.05468 -0.45242 0.0779418 -0.387629 
there : 0.0842768 1.35898 -0.635774 0.0350182 0.394068 0.141204 0.573101 0.230845 1.00671 -1.70157 -0.222273 -0.159941 1.09603 0.56373 0.595359 0.0756072 
lot : 1.163 0.616786 0.0777204 0.752106 0.636567 0.00725102 -0.111943 1.09129 -0.798718 -0.533515 0.663722 1.26031 0.536028 0.713882 -1.54403 0.571902 
of : 0.660554 0.484616 -1.07607 -0.647799 0.263489 0.836126 0.29206 1.67976 -1.49993 0.53051 -0.955632 1.39022 -2.32202 1.0142 0.181788 -1.12645 
people : 0.0826836 0.37591 -0.908289 0.614353 0.308232 0.658054 1.48674 -0.0306485 -0.710513 -0.943858 0.592805 -0.0329796 -1.03374 0.848582 -0.276648 0.972765 
there. : 0.846063 0.0793708 0.442827 0.612657 0.301433 -0.00905988 0.115001 0.339798 0.208344 -0.289689 0.978263 -0.321899 0.379414 -0.190404 0.23824 0.855501 
that. : 0.741867 0.289257 0.105565 0.529884 0.839522 -0.38942 -0.0615164 -0.0102502 0.402778 0.319785 0.643701 -0.0690109 0.613487 -0.153586 -0.166234 0.487567 
today? : 0.703098 0.00226307 0.504088 1.06364 0.0628123 -0.28732 -0.246798 -0.0489922 0.424185 0.198432 0.960472 0.0810917 0.550908 0.0120153 0.393751 1.05082 
absolutely : -0.492491 -0.66014 0.331037 1.63043 -0.821836 0.654229 0.110849 1.4299 1.9603 -0.946857 0.465879 0.753731 -1.2523 0.702519 -0.347824 1.79722 
lovely, : -0.826605 0.108308 -0.826194 0.669997 -0.138198 1.23137 0.135064 -0.593751 0.415077 -0.899198 0.10046 0.201855 0.0614285 -0.0249785 -0.643312 0.535235 
you. : 0.706106 0.0679338 0.361622 0.594679 0.298945 -0.225074 0.506062 0.55748 0.781438 -0.273498 1.03122 -0.163903 0.784766 0.0289052 0.294909 1.15676 
everything's : 0.30173 -0.376827 -1.08572 2.046 -0.0373053 0.198555 1.41513 0.0702017 0.858215 -0.591395 1.12035 -0.280271 -0.537629 1.05748 -0.173914 -0.527891 
haven't : -0.13212 -0.512986 -0.849249 1.21564 -0.312606 -0.237854 1.37604 0.588056 1.19514 -0.0043988 0.844239 -0.815169 -4.33972e-05 1.40916 -0.454445 -0.71679 
better. : -0.00881047 3.24431 0.0541149 -0.220587 0.733146 -0.31546 1.02238 -0.132063 1.44138 0.0759105 -0.286933 0.330905 -0.355962 -0.227099 0.201478 -0.365324 
started : 0.474299 -0.573007 -1.75843 -2.04341 0.31215 1.66846 -0.770817 0.231651 -1.64388 0.524258 1.47338 -1.36159 0.203709 2.05359 -0.000679971 -2.10282 
recently. : 0.934456 0.0806295 0.346296 0.555037 0.762483 0.261115 -0.321515 0.17677 0.764517 -0.0884357 0.909424 -0.639684 0.706386 -0.111925 0.126624 0.911381 
where : 0.371283 1.04211 -0.625151 -0.889546 -0.373567 -0.347555 1.10734 1.06071 1.13859 -0.94887 0.0386647 0.218566 1.40672 0.994361 0.686965 0.181944 
going : -0.743697 0.149018 1.48794 -2.88491 0.067058 0.556171 -2.08691 1.33535 -0.53688 1.13024 -0.939836 3.18351 -3.55331 1.29066 -0.40928 -1.00062 
school? : 0.451665 -0.524113 0.502272 0.38071 0.581608 -0.230838 -0.202172 0.439612 0.754008 0.0785485 0.395887 -0.0332666 0.560151 -0.23982 0.0327471 0.552147 
far? : 0.516558 -0.0223101 0.745559 0.851964 0.471622 -0.191042 0.0822013 0.116211 0.883819 0.0657872 0.4338 -0.643676 0.450092 -0.213994 0.302702 0.420109 
far. : 1.16629 -0.182106 0.944468 -0.00298171 0.420135 -0.102409 -0.691535 -0.684975 0.41706 0.235519 0.170846 -1.35925 -0.187592 0.209297 -0.596395 -1.7182 
my : 0.571288 1.30099 0.204464 -0.387571 0.163549 -0.278373 0.559679 0.701539 1.30561 0.175372 1.1323 0.805616 -0.476164 0.856273 -0.378924 -0.550138 
classes : 0.491457 2.02729 -0.874937 -0.783834 0.641165 -0.263855 0.679394 0.0588823 0.685085 -1.84116 -0.034379 0.439678 1.93094 1.00475 1.27339 0.179829 
wish : 0.286074 1.55156 -0.187158 -1.20059 1.20197 -0.684734 1.41444 -0.0960202 -0.882072 -1.75499 -0.0635761 0.561692 0.791764 1.28327 0.558378 2.5353 
luck. : 0.613881 -0.0448301 0.383737 0.749609 0.385434 -0.331243 0.103761 0.542796 0.244375 -0.178828 0.894425 -0.204147 0.54305 -0.0169534 0.427135 0.710925 
an : -0.166626 0.251602 0.960764 1.05512 0.0201809 0.663858 0.0136177 0.514287 1.07316 0.558079 1.13213 0.546646 0.225079 -0.0338007 -0.397435 -0.367042 
ugly : 0.202384 -0.120519 0.694568 0.370816 0.108005 0.523923 0.611301 -0.0992021 0.345887 -0.0323011 0.940101 1.0478 0.612044 1.105 0.0212191 0.148137 
day : -0.134821 -0.205297 0.368077 0.626736 -1.24243 -0.567332 0.64909 1.77165 0.545699 0.123101 -0.240641 0.523144 1.89993 0.15382 0.310251 0.292151 
today. : 0.0357663 -0.463725 0.134115 0.852368 0.0429674 -0.692733 -0.0900228 1.06162 0.698853 0.20434 0.716264 -0.568288 0.564497 -0.410691 0.190677 1.05991 
know. : 0.8205 -0.853753 -0.242311 0.1134 0.23408 -0.81888 -0.173394 -1.34525 0.597359 -0.728048 -0.473369 -0.417074 0.0451421 0.539072 0.610147 1.00074 
think : -1.14141 0.292137 2.22174 -0.231902 2.24927 -1.3786 0.295831 -1.02975 -0.314232 1.88549 0.438033 1.22442 -1.91941 0.488849 2.10064 0.0286524 
may : -1.06975 0.288066 0.438285 0.0428972 -1.07452 -0.107853 -0.662118 2.38784 -0.298476 0.765221 -0.726174 -0.058856 0.365572 0.19177 1.09297 1.26195 
rain. : 0.65165 -0.270819 0.514578 1.40478 0.662286 -0.367964 -0.368968 0.48439 0.60581 0.273198 0.259292 -0.768146 0.751773 -0.673442 0.320013 1.36599 
the : 2.67957 -0.680839 0.875635 0.703491 -0.670378 0.0518907 0.35039 -0.175484 -2.60504 1.371 -1.84676 0.104661 -0.433743 -0.265587 -2.45912 -2.30828 
middle : 1.72004 0.626279 0.961614 1.36294 0.130603 0.11789 -0.0604615 1.31766 -1.1663 -0.661444 1.13791 0.62566 0.398291 0.696946 -1.77378 0.213711 
summer, : 0.354154 0.139797 -0.760577 -0.98714 1.45357 0.930001 1.51367 0.29629 -0.308314 0.105854 -1.262 -0.0872832 0.110206 -0.13742 0.00275774 0.775165 
shouldn't : -0.442602 -0.878471 -0.0928536 -0.677257 -0.0469709 1.18083 -0.394395 2.62052 -0.197877 -0.0574448 -1.53073 0.812088 0.666544 -0.0429456 1.58146 0.182217 
rain : -1.68537 -1.33506 -0.330609 0.573169 -1.3325 1.46856 -0.573867 2.79982 0.255656 1.20439 -1.49349 -3.24934 0.642411 1.19957 -0.31583 -1.18955 
that : -1.71796 -0.202531 -0.42514 -0.955406 1.92374 0.166098 0.203455 -0.659388 -1.4402 0.324127 -0.783787 0.299613 -0.852325 -1.69881 -0.162298 -0.334281 
would : 1.3564 0.843189 -0.971035 -2.4889 0.349467 1.14425 0.526716 3.11748 -0.312572 -2.2124 -1.30496 1.38967 0.299133 -0.713047 -1.13578 -1.7374 
be : -1.2748 -0.976406 0.671382 -2.41548 0.729035 -2.00025 -1.26188 1.76506 2.26569 1.79155 0.214758 0.889834 1.25711 -0.993238 -1.21226 -3.09031 
weird. : 0.663094 -0.137738 0.160192 0.517117 0.981998 -0.548787 -0.284345 0.69605 0.724207 0.326367 0.554239 -0.403628 0.787628 -0.563755 0.143701 0.875969 
yeah, : -2.2028 -0.477552 0.558239 -0.0743471 0.80831 1.26497 -1.03557 -1.30935 1.93712 2.56707 1.71954 -1.42058 2.55364 0.716232 0.166118 -0.794769 
especially : 0.815785 0.866218 -0.630775 -0.363233 -0.813978 0.824086 0.696343 1.05352 0.0278287 0.487774 1.34158 0.323446 0.571859 -0.536617 1.15042 -3.15603 
since : -0.200513 0.434544 1.03539 -0.69966 1.30815 0.323899 -0.265597 -0.603924 -0.60097 0.857239 0.663347 1.1063 0.282057 -1.47441 0.405848 0.13302 
ninety : 0.377169 -0.21157 -0.741439 0.951203 -0.0802806 1.10322 0.764197 0.418544 -0.281669 0.379175 3.34118 0.0103752 -1.1235 -0.393354 -1.16119 -0.279952 
degrees : 0.166822 -0.26975 0.918842 0.559198 0.462004 1.61365 -0.160552 -0.63905 0.268436 0.789116 0.926397 -0.0170136 -0.966591 0.34233 -0.558679 1.04243 
outside. : 0.823594 0.0719154 0.58605 0.933277 0.537688 0.0126882 -0.444554 -0.193272 0.686995 0.181209 0.426657 -0.501421 0.13328 -0.329815 -0.199636 0.946089 
know, : -0.368583 -0.00336953 -0.0221943 -0.479009 0.129407 0.119157 0.879844 -0.836377 2.10466 1.18693 -1.23303 0.711325 -1.1012 0.348328 1.36366 1.29047 
horrible : -0.0360162 -0.0964969 1.1941 -0.634426 0.179592 -0.228887 0.471892 0.824371 1.09389 -0.562512 0.288831 0.4236 0.396185 0.158698 0.5589 -0.718769 
if : 0.20468 -0.64096 -0.363097 -1.14582 1.19955 0.629482 0.307418 -0.187106 -0.356896 -0.383091 -1.07359 0.76354 -0.0297629 0.499311 1.10085 1.64771 
rained : -0.551342 -1.5 0.436192 -1.0836 0.635198 0.701674 1.40934 0.297141 -0.00822689 0.563789 -0.14977 -0.309874 0.499429 0.47036 0.893886 0.661556 
and : -0.784454 -0.809913 -1.09963 -0.433253 1.19036 -1.54932 0.677181 -1.50242 0.167051 -1.23674 -0.818832 -0.384319 0.112701 0.887638 0.0342024 1.79899 
was : -0.633426 1.64158 0.770692 -1.16999 0.619519 -0.282352 0.0866879 -0.565588 0.161826 -1.19823 0.513234 0.142117 0.281105 0.877965 0.640135 -1.3511 
hot : 0.302291 0.593629 1.04096 -0.408714 0.132942 2.10218 -0.839599 -0.858281 1.60686 1.02518 1.07109 0.527834 -1.79808 1.17174 0.204155 0.0522957 
yes, : 0.575882 -1.64301 1.35051 0.528791 0.314995 -0.652795 1.25669 0.143876 -0.228086 -0.873307 -2.42588 -0.348444 -0.250214 0.466127 2.02925 1.37693 
be. : 1.0593 0.67334 0.503847 0.38755 0.979204 -0.017619 -0.0379349 0.422267 0.442015 -0.306718 0.596348 -0.436794 0.49952 -1.00229 0.2426 0.822515 
wasn't : -0.0142347 0.80467 1.41348 0.521732 0.656935 0.0830885 -0.296267 -1.11454 -0.489094 1.88603 -0.536393 -0.109333 0.80244 0.958842 -0.0089066 0.622391 
every : 0.760005 1.47469 1.20779 0.84071 0.547648 0.629528 0.229643 -0.289825 -0.239908 -0.439543 1.24056 1.40496 0.276971 0.637512 0.858403 0.0128723 
day. : 1.07121 -0.0899515 0.942091 0.957297 0.416525 -0.268929 -0.635379 -0.00812296 0.1125 -0.0503342 0.727394 -0.256858 0.502269 -0.408938 0.367632 0.992201 
me : -1.41476 0.394313 0.777256 0.330896 0.240827 -0.991695 1.48524 1.37674 3.72777 -0.214837 -0.734978 0.302276 -0.959626 0.670155 -0.238895 -1.42689 
too. : 1.09219 0.140925 -0.0315547 0.964757 0.3821 -1.06108 1.28236 -1.11952 0.179155 0.496798 0.117065 -0.280768 -0.351338 -1.09892 0.0595739 3.27219 
can't : 1.62525 -0.401995 0.393493 -0.127909 -0.54352 -0.397777 -0.0083809 0.17629 1.18528 -0.421689 -0.448085 0.323889 0.629574 0.799066 2.16755 -1.57184 
wait : 0.709862 0.142875 2.05944 -0.0655755 1.17157 -0.727238 -0.510385 0.696618 -0.141254 0.644641 0.122055 1.12777 1.77116 1.0017 1.05556 -0.927633 
until : -0.130145 1.20989 0.431295 -0.142357 1.64872 1.15286 -1.57131 0.0293976 -0.994538 0.389024 1.51649 0.787941 -0.75574 -0.245885 -0.700542 -1.23731 
winter. : 0.839978 0.104213 0.786458 1.02989 0.621187 -0.117931 -0.202361 0.219526 0.374659 0.000121118 1.308 -0.760946 0.432224 -0.199124 0.404449 1.09768 
winter : -2.31707 -1.39387 -1.59927 -1.04206 1.75773 0.499609 0.516463 1.43149 1.68061 0.413326 -0.0383084 -0.702073 -1.45028 -0.190923 -1.54453 -1.68438 
too, : 0.923576 -1.02832 0.696016 -0.604181 -0.0709602 0.431413 1.19755 0.914205 0.427994 0.730027 -0.638554 0.925121 -0.185927 1.47664 0.821133 0.408931 
but : 0.335636 -1.49308 -0.885091 0.773696 1.11478 -0.977792 1.7946 -1.05215 0.24592 -0.650995 -0.658518 -0.426765 1.43206 -0.0804102 -0.626975 -0.203207 
sometimes : -0.654472 -0.0510884 -0.047019 -0.554674 0.913063 2.05485 1.96789 0.0958008 0.63143 1.01277 -0.395235 0.988381 0.122951 0.552298 -1.08647 0.339628 
gets : -0.356077 3.32222 1.09399 0.130818 -0.346018 1.31446 0.354882 1.64055 1.19078 -0.340697 0.687889 0.755793 0.96449 -1.31091 -0.92181 -0.724891 
too : 0.191673 0.85184 -0.347564 0.864652 -0.182907 0.502494 1.008 1.14797 1.75518 -1.15482 0.783553 1.47058 -1.55646 0.258832 -0.626295 -0.152594 
cold. : 0.786934 0.12708 0.54436 0.845326 0.443919 -0.0972078 0.0353294 0.333483 0.875629 -0.348989 0.559021 -0.103515 0.138553 -0.210831 -0.152312 1.21269 
i'd : 0.43528 -1.69737 -1.26419 -1.11057 0.932905 1.2182 0.180524 2.31586 0.177266 -0.449734 1.31439 0.975629 0.917323 1.14262 -0.236512 -1.47284 
rather : 0.514849 -0.0934559 -0.301345 -1.52518 0.90987 -0.463993 0.658978 3.0495 -0.171095 -0.755587 0.286716 0.55594 0.0628318 0.0838313 0.221895 -0.450811 
cold : -0.434783 0.356724 -0.129556 -0.669933 0.237114 0.60132 0.441041 1.91947 3.09381 0.0266423 -0.689585 -1.26412 -0.634342 -1.16587 -1.39713 0.593066 
than : 1.12554 0.312617 -0.791247 2.08544 0.889087 -0.0989417 -0.332509 1.53716 0.808511 -0.85834 0.0947332 1.11482 -2.38057 -0.240789 -0.240773 -0.87468 
hot. : 0.82438 0.112306 0.282413 0.99445 0.47233 -0.332927 -0.058955 0.604055 1.05539 -0.526071 0.4031 -0.458686 -0.104926 -0.472018 0.00942491 1.00486 
doesn't : -0.977739 -0.0973489 0.232212 0.922196 0.194967 0.620164 -0.747917 0.723413 0.0187401 1.04634 0.623366 -0.268496 -0.798352 0.402939 -0.926767 0.540661 
look : -1.13819 1.0279 1.74811 0.511949 0.580621 -0.316402 -0.0228299 -0.422365 -0.0165544 0.468656 0.124117 0.343418 0.623641 1.78031 0.293113 -0.385685 
nice : 0.328335 -0.954216 1.54561 -0.406098 -0.455936 -0.0450408 -1.07398 1.01696 0.757372 -0.732235 0.401803 1.7442 0.070118 0.0262803 0.420409 -1.54272 
outside : -0.096531 -0.348604 0.530352 0.831091 -1.6137 0.689937 0.497074 1.41104 0.525849 0.624728 0.561809 0.471176 1.91608 0.456517 0.257359 0.195296 
you're : -0.758797 0.162957 0.634012 1.87051 -0.0301335 0.652339 -1.2011 0.818332 1.1349 -1.93547 0.26851 0.383645 -0.793298 1.68574 0.954188 -0.315748 
right. : 1.21966 -0.813018 -0.469255 0.892276 -0.0971362 -0.276592 -1.48698 0.226624 1.42143 0.197713 -0.988926 -1.87911 -0.754674 -0.00696675 0.546858 1.26583 
later. : 0.296106 -0.120944 0.0176654 0.607281 0.126975 -0.0247478 -0.0423635 0.692957 0.165594 0.342845 0.682481 -0.606966 0.621334 -0.26802 0.240748 0.598079 
raining. : 0.754225 -0.110183 -0.0488638 -0.345848 0.936143 -0.554523 -0.570095 0.174231 -1.12712 1.03285 2.06962 0.589407 1.31752 -0.517714 1.47192 0.520488 
wouldn't : -1.93303 -1.87033 -0.0364106 1.34299 0.444143 0.688717 0.0955004 1.6441 -0.85551 -1.8797 -0.0112122 -0.398274 0.0895679 -2.67552 1.49737 0.140674 
seem : 0.168372 -0.540947 1.64025 0.711344 0.039201 2.01768 -0.428408 1.82358 1.11721 -0.28438 -0.733828 -0.166111 -0.728562 0.487553 0.469692 0.765872 
considering : -1.28617 0.783441 0.0712073 0.889091 1.03627 0.366038 0.0793884 0.232096 0.505094 -0.412288 1.5438 0.666234 0.408625 -0.982436 0.00794784 0.887913 
over : -0.462027 -0.156502 -0.695659 -0.679849 0.811174 2.35722 -0.241388 0.932824 -1.40608 0.938549 1.01581 0.585645 -0.148376 0.935257 -0.471444 -1.20163 
outside, : -0.91721 0.955424 -0.249242 1.06458 1.20909 -0.17058 0.868729 0.203176 -0.558348 -0.206409 1.36636 0.97963 -0.0655909 -1.18102 0.976368 1.08968 
exactly, : 0.407994 0.110598 0.106653 -0.331551 1.33286 1.38951 1.53757 -0.142132 0.187799 -0.11843 -0.749514 0.44546 0.735184 0.570849 0.573944 1.17359 
cool : 0.0428326 1.05786 1.39108 -0.705278 0.871169 0.201139 -0.16866 1.17135 0.502064 -0.00717828 -1.27035 1.23602 0.660478 -0.5243 0.221846 -1.29979 
off : -0.585517 0.64406 0.586726 0.222956 0.628087 1.12209 -0.800546 0.394308 0.392736 0.0993644 -0.471179 0.945484 1.12413 -0.185859 0.485479 -1.08314 
one : 0.127714 0.813763 1.43927 0.541649 0.2005 0.0407381 -0.288138 -0.0438793 -0.390656 0.180804 1.37581 0.778111 0.0646079 0.531183 0.799518 -0.417896 
that's : 0.839855 1.24928 0.672967 0.0214319 -0.392854 0.226228 0.690875 1.05637 0.301252 0.279849 0.652771 -0.966895 0.449661 0.614179 0.230193 -0.174451 
feel, : 0.731082 0.14905 0.241578 -0.0127433 0.193173 -0.513395 -0.614633 -1.34353 0.788794 -0.654461 -0.607947 -0.510426 0.453767 0.646093 0.783772 1.04443 
want : -0.0559689 -1.42722 -0.533696 -1.7186 2.28926 0.869736 0.807679 0.639209 0.605902 1.00889 -1.75009 -0.564753 -0.46321 1.26437 -0.802686 0.70582 
come : -0.144072 -0.65547 1.40537 0.635664 0.679976 1.68625 -0.0758226 1.4972 -0.394988 1.04104 -0.126294 0.0480445 1.59244 0.47655 0.663215 -0.986155 
soon. : 0.533746 -0.5344 0.540982 0.594813 0.490232 -0.219942 -0.491819 0.776424 0.585817 -0.167712 0.341223 -0.667186 0.607187 -0.23296 0.474613 0.699034 
enjoy : 1.1066 -0.364883 -0.218693 0.819802 -0.246972 0.366915 -0.0641882 0.517682 -1.08055 0.841785 0.133913 1.11922 -1.22012 0.189079 -0.16305 0.0527375 
winter, : 1.02794 -1.85571 0.832154 0.440734 0.121011 -0.208334 0.613766 0.789626 -0.541602 0.302057 0.678745 1.16528 -0.331608 1.57718 0.623054 0.386032 
sometimes. : 0.388362 0.140684 0.323057 0.480208 0.455655 -0.00238494 0.349054 0.425332 0.746154 -0.33838 0.321218 -0.262104 0.171452 -0.636606 -0.0812116 0.433552 
know : 0.677684 -1.9355 -1.87119 0.580832 1.53713 0.877881 0.787741 0.88703 -0.272953 -0.936826 1.49008 -1.15011 -0.303632 -0.264185 -0.383201 0.382446 
mean, : 1.29338 -2.1713 -0.172284 0.933163 -0.0769357 -0.113253 0.869577 -1.3521 0.112603 -1.50405 -0.0482615 0.0638783 -0.695158 1.70613 0.805957 0.486919 
exactly : -0.200285 2.87216 -0.279639 -0.064546 -0.131078 0.146024 -0.00908916 -0.712011 0.553542 -0.396688 -0.400262 -0.36484 -0.6723 0.503473 0.177291 -1.12984 
feel. : 0.893271 -0.172077 0.43431 0.587649 0.718472 -0.245571 0.316442 0.33405 0.582433 0.26463 0.932081 -0.0462031 0.786588 -0.444359 0.501485 0.710083 
nicer : -0.285442 0.552947 -0.137946 -0.255544 0.121777 0.792781 0.795461 0.63779 0.535728 -0.535888 0.856286 0.908786 0.239122 0.789558 -0.541666 0.164332 
is : 0.872331 -0.305255 0.34709 -0.757716 1.69829 2.65256 4.60861 0.414553 0.68413 -0.275729 1.20951 0.0696658 -0.850878 -0.387312 -0.932887 -1.80069 
true. : 1.1175 -0.370939 -0.183902 0.544653 0.559052 -0.864436 0.950236 -1.08351 0.17901 -0.136853 -0.246596 -0.405664 -0.0573932 -0.214106 1.18767 0.528796 
hope : -0.048306 1.5364 -1.63709 -0.613575 2.60579 -0.609117 0.613431 0.342846 -0.383545 -2.33065 0.77464 0.218414 -0.760983 -1.12078 -0.543768 0.746039 
summer. : 1.04126 -0.15328 0.31205 0.962883 0.689736 -0.42382 -0.047228 0.698473 0.34505 0.396626 0.707932 -0.634017 0.469984 -0.327972 0.152941 0.82642 
raining : -0.309098 -0.541671 -0.466104 0.451778 0.9575 1.71752 -0.613064 0.765761 0.0239604 0.101568 -0.324102 -0.678986 0.632755 0.808745 -0.994905 -0.208781 
weird : 0.18192 -0.392878 1.12441 -0.37854 0.0755908 -0.283877 0.320005 0.781395 0.810885 0.0991036 0.0316569 0.593418 0.605074 0.370928 0.203693 -0.752705 
degree : -0.0242873 0.458967 -0.589605 -0.0706665 0.76922 1.32752 1.00937 0.761807 -0.839702 -0.13417 1.23379 0.537713 -0.145146 0.407766 0.0893487 0.218843 
weather. : 0.682106 -0.131645 0.187197 0.83408 0.860842 -0.235327 -0.17513 0.167705 0.355264 0.382889 0.814268 -0.165928 0.920581 -0.148809 -0.1973 0.92406 
any : -0.330673 -0.266983 0.518016 0.307924 -0.109225 -0.157584 -0.42021 3.17607 0.310863 -0.180165 0.0423734 0.119498 0.977271 0.299085 1.88625 1.12928 
now : 0.70606 1.00308 1.18742 -0.879526 0.295751 0.785383 -0.277417 -0.536071 0.0882928 -0.369514 0.960512 -0.508293 -1.43752 -0.628807 0.38563 -0.211589 
pointless. : 0.384817 -0.28521 0.454263 0.653562 0.781574 -0.378324 -0.0885927 0.780014 0.662229 0.0999846 0.662176 -0.134706 0.953471 -0.0900332 0.153248 0.471495 
right, : -0.166916 0.337218 -0.368152 -0.888354 1.00301 1.50106 0.965838 -0.441142 0.329427 0.0191393 -0.809382 0.192067 0.624602 0.111924 0.503047 0.935736 
down : 0.897003 0.454614 0.306458 0.07563 0.368963 0.628409 0.0214557 -0.314269 -0.0784066 0.497625 -0.0956656 0.926721 1.23031 0.0139898 -0.735388 -0.429574 
some. : 0.712591 -0.0229527 0.499039 0.602271 0.694245 -0.443002 -0.239973 -0.142976 0.791441 0.0333638 0.649371 -0.0277075 0.763552 -0.242466 0.147492 0.729777 
didn't : 0.268332 0.34874 0.80146 -0.692686 -0.334023 0.623834 -0.065236 0.452047 0.731087 -0.332734 0.090602 0.804253 0.0126869 0.973116 0.0783411 -0.534415 
get : -0.520871 1.07207 2.04929 0.606585 1.00541 0.205052 -0.233686 -1.02249 -0.124974 1.22431 -0.0380996 0.688627 0.225095 1.20929 0.383712 1.08943 
though. : 0.70852 -0.487856 0.284287 0.86392 0.833168 -0.354755 0.307 0.499825 1.02458 0.0401626 0.404079 -0.565351 0.800116 0.212567 -0.0748607 0.875683 
deal : 0.899845 0.846258 -0.281116 -0.681486 1.25707 1.3446 0.527913 -0.162668 0.236458 1.15575 1.26575 -0.805536 1.04369 0.750489 -0.4145 -0.463725 
such : -0.648155 1.37349 0.780703 -0.550868 -0.370603 -0.0258265 -0.225381 0.312824 -0.390327 -0.231994 1.1776 0.688756 0.0649091 1.3831 1.01941 -0.594978 
is. : 0.827547 0.0999305 -0.0335983 0.507398 0.172917 -0.0150112 -0.390585 0.341697 0.669925 0.318962 0.90661 -0.536742 0.405089 -0.385949 -0.102014 1.47811 
looks : 0.278964 -0.134693 1.17699 0.164991 0.355577 -1.65987 -0.978966 0.497946 -0.868045 0.803621 0.326453 -0.350647 -1.0908 1.49957 1.55226 -0.559139 
does. : 0.906986 0.108759 0.439238 0.621554 0.236882 -0.128576 0.424328 0.267531 0.74019 -0.149072 0.648015 -0.273791 0.550788 -0.339383 0.115292 0.952651 
why : -2.53318 -1.45332 -0.510438 -0.37493 0.924414 1.03668 1.05476 1.14819 1.95595 0.0198799 -0.412469 -0.353458 0.440834 -0.715887 -1.59896 -0.185844 
that? : 0.571518 -0.265878 0.666327 0.88562 0.962354 -0.0830525 0.488321 0.552677 0.427821 0.231402 0.690183 -0.533815 0.522241 -0.421964 -0.123901 0.556847 
love : 1.63581 2.30264 1.11308 1.61934 -1.77046 -0.227485 -1.1727 1.70006 -0.389409 1.77983 -0.05782 0.310938 -0.459322 0.148937 -0.151694 -0.651376 
clears : 0.880913 0.984051 -1.09338 0.726952 0.668445 0.320769 0.148161 1.33748 -1.24803 0.777533 -0.0165012 1.14096 -1.02478 0.605268 -0.00432774 0.361958 
air. : 1.24355 0.162731 0.594755 0.884558 0.623594 -0.196478 -0.427334 0.369166 0.469109 -0.194231 0.491192 -0.338283 0.299851 -0.181087 0.0694459 0.907796 
always : 0.268855 1.70994 1.22926 0.751708 -1.37743 0.798696 0.837066 0.116105 -0.268505 -0.268998 -0.0146491 0.363151 -0.639214 0.388548 0.419921 0.786047 
smells : 0.148264 0.887099 2.09379 0.321951 0.811746 0.807075 -0.420626 -0.456559 -0.589549 1.80416 -0.585909 -0.114505 -0.128826 1.42456 0.0529317 0.952159 
fresh : 0.0895559 0.893311 0.263561 0.702448 0.144921 1.67356 0.808405 0.259644 0.08394 0.874196 0.259108 -1.09541 0.469887 -0.608592 0.865808 -0.0473653 
after : 0.725442 -0.287981 -1.51461 -1.3415 1.70884 2.50493 0.874609 -0.52865 -1.69183 -0.116589 -0.905928 -1.40537 0.0889736 -1.22334 0.513553 1.40495 
rains. : 2.4947 -0.496657 0.390379 1.29861 1.19542 0.147154 -0.885461 0.0779431 1.02798 -0.292111 0.127691 -0.304986 0.558462 0.222332 0.416983 2.71361 
night : 1.33409 0.456239 -0.698355 0.40285 -0.0297513 0.763545 0.63136 1.13025 0.471982 0.0668334 -0.411025 -1.03026 0.562089 -1.04725 -2.39689 -1.35437 
air : -0.542546 0.50152 1.46121 1.12785 -0.523756 2.32624 0.0133222 1.58166 -0.269579 1.08686 -0.95696 0.980324 -0.216847 -0.520088 -0.261862 0.540067 
really? : 0.280491 -0.58252 1.49847 0.792756 -0.758921 0.135261 1.07188 -0.169617 -0.37145 0.05243 1.03515 -0.237958 0.914629 0.377725 -0.158454 -0.347384 
it? : 0.770349 -0.502596 0.462036 0.826072 0.845084 -0.00211369 0.489011 0.463234 0.325744 0.275768 0.725993 -0.274183 0.586656 -0.445486 -0.226086 0.702829 
because : 0.348297 1.48237 0.191584 0.481565 0.68032 -0.533434 0.247074 -0.545381 -1.1913 -1.06694 0.730549 0.143501 0.220261 1.67753 0.337311 -1.24716 
can : 0.392721 -0.287447 0.96919 1.01191 -0.300195 -1.20909 -0.280655 1.92504 -0.855344 -0.970127 1.39415 1.31799 -0.835873 0.666301 -0.584541 -0.814154 
see : 0.623866 0.0531498 -1.06122 0.62367 -0.147779 -0.518658 -0.0143258 1.37478 -2.40323 0.759926 -0.174282 0.82314 -1.68106 -0.37949 -0.395782 1.0475 
stars : -0.97795 -0.419031 1.50656 1.59745 -0.133088 0.707585 -1.27309 0.21005 0.702879 1.70303 -0.874846 -0.861318 -2.05223 0.410469 -0.95545 0.508664 
perfectly. : 0.423594 -0.0338183 0.694164 0.819479 0.315424 -0.418443 -0.362115 0.212351 0.87468 0.323204 0.370669 -0.242519 0.200395 0.105252 -0.200597 0.700101 
rains : -0.429608 0.288867 -0.0749834 1.2056 -1.27009 -0.0181606 0.9801 1.52404 0.174891 0.28909 0.599047 0.229078 2.48003 0.297328 0.2814 0.0815472 
isn't : 0.0484753 0.245584 0.256198 -0.200299 0.664397 0.843465 0.996373 -0.159612 -0.16416 0.0496422 -0.0435606 0.137577 0.627005 0.213415 0.263357 0.751171 
day? : 0.649849 -0.165126 0.630495 0.721162 0.177266 -0.0708152 -0.318469 0.118303 0.377064 -0.136698 0.726577 0.0924661 0.38147 -0.177981 0.207187 0.898948 
seems : -1.02627 0.822895 -0.197863 0.486321 1.24406 -0.129716 0.489843 -0.200045 -0.0158665 0.211875 0.637459 1.17271 -0.509109 -1.45842 0.040397 0.881458 
hopefully : 0.0708142 0.277953 -0.6629 -0.14211 1.60017 0.879458 1.805 -0.183763 0.222979 -0.376723 0.0800506 0.488613 0.468074 -0.0509763 0.548403 0.913768 
will. : 0.741135 0.212675 0.370182 0.637803 0.483788 -0.119968 0.267552 0.317278 0.302802 0.187108 0.523588 -0.238973 0.795401 -0.160248 -0.0999224 0.763102 
come? : 0.774291 0.430056 0.184416 0.883313 0.519014 -0.561448 -0.0301967 0.575039 0.568452 0.0801615 0.499332 -1.10787 0.684253 -0.13886 0.219196 0.544074 
clear : 0.841792 0.648739 -0.394525 0.883987 -0.1486 0.370857 0.216008 0.652987 -1.18567 1.02818 0.429211 0.595805 -0.466434 0.0889601 -0.0773136 0.329257 
sky : 0.628155 0.818017 -0.423207 -1.11598 -0.264621 1.19932 -0.489892 -0.0781176 -0.960151 -0.365616 -0.588412 -0.0771332 -0.682529 -0.204917 -1.86455 -0.0235341 
feel : 1.50352 -0.26143 -0.761272 1.53108 -0.307342 1.11459 0.0156925 0.920362 -1.11896 0.914215 -0.336002 1.11433 -1.39499 0.100294 0.0164976 0.308849 
same : 0.425881 0.397681 0.184555 1.10635 -0.991784 0.0734781 -0.455666 0.112895 -0.52204 1.19411 0.944212 0.463099 0.282752 -0.246721 -0.273177 -0.300812 
way. : 0.198056 -0.0218913 -0.324262 -0.461847 0.725398 0.476279 0.511729 -0.500288 -0.415853 0.332479 -0.320559 0.402168 0.611325 -0.119339 0.0979545 0.93087 
when : 0.277071 0.152815 -0.696643 -0.852453 0.839251 0.782693 0.966455 -0.33714 -0.513446 0.0214513 -0.559826 0.487032 0.501039 -0.336628 0.410994 1.17785 
why? : 0.878583 0.182983 0.767038 1.2227 0.309914 -0.52779 0.469505 0.160769 1.27822 -0.0471345 1.05484 -0.558986 0.705971 -0.436395 0.179356 1.09655 
much : 0.467083 0.0799878 1.78994 0.203207 -0.686196 0.778538 -0.585938 0.489071 0.19029 0.817636 0.973199 -1.03097 -0.269501 0.77891 0.487284 -2.48396 
closer : 0.518744 0.86024 0.724362 0.147535 0.0378238 1.47338 0.909847 0.483941 -0.225985 0.678238 0.260923 -0.586543 0.617641 -0.255379 0.638821 -0.0261301 
i. : 0.796391 -0.302145 0.388506 0.509893 0.426521 -0.7016 -0.0702106 0.202688 0.387974 0.167669 0.63915 0.0654207 0.85817 0.489963 0.507239 0.925153 
don't : 0.274066 0.637896 0.126614 0.579463 0.395447 -0.280452 0.218522 -0.107639 -0.933389 -0.750645 0.565111 -0.027643 0.615119 1.01038 0.213162 -0.378513 
out? : 0.689255 -0.361453 0.410675 0.52015 0.144232 -0.259042 -0.0752216 0.299826 0.448179 -0.180747 0.616826 0.188992 0.713067 0.00577014 0.0582458 0.903325 
does : -0.644411 -1.10809 1.77762 0.537515 -0.830077 1.70773 -0.038397 0.709736 0.622368 1.02057 0.476519 -0.313401 -0.668443 0.862703 0.246109 0.447796 
rain? : 1.30505 -0.0290778 0.628314 0.820202 0.473475 -0.253237 0.342419 0.343062 0.50907 0.235813 0.761576 -0.698901 0.403191 -0.0651288 0.430192 0.933256 
clean : -0.0454945 0.913475 0.383524 0.36271 0.377266 1.62688 0.433751 0.274012 0.102799 0.874976 0.644857 -0.756561 0.746975 -0.612577 0.144108 0.128665 
it. : 1.13138 -0.0677321 0.578962 1.18731 0.144995 -0.312738 0.00677047 -0.00950276 0.373192 0.419376 0.469731 -0.615124 0.736129 -0.670477 0.380067 0.386724 
understand. : -0.44417 0.0952974 0.14679 0.0896489 -0.178028 0.237326 -0.708986 1.92969 0.34545 0.103339 -0.601505 -0.528434 0.548518 0.217425 1.11951 0.147905 
make : -0.372132 0.67179 -1.02764 -1.13033 0.567572 1.20949 0.930016 -0.959752 -0.315827 0.248165 -0.639032 0.381804 0.836597 -0.297086 0.713116 1.24702 
smell : 0.898686 0.2376 0.575252 0.17538 -1.06189 -0.196755 1.05744 0.946302 0.21019 0.428958 0.878546 0.591894 0.340599 0.332548 0.36822 -0.495553 
cleaner. : 0.513828 0.286056 0.548682 0.569906 0.118228 -0.516436 0.227436 0.0735889 0.549733 -0.318382 0.787604 0.0186838 0.450274 -0.235606 0.159885 0.805763 
most : 0.667031 2.57988 -1.1027 1.18099 -1.04252 -0.478146 0.120966 -0.669047 0.47181 0.0946506 0.274954 0.221492 0.262134 0.211809 -0.528668 -0.377921 
at : 1.06792 -0.842134 -0.472657 0.531836 -0.876676 0.640112 1.0197 0.716601 -0.516269 0.249254 1.23324 1.05983 -1.0419 0.681932 -0.909589 -1.94684 
more : 0.349043 -0.87267 0.921539 -0.0779614 -0.184976 0.9749 0.156845 -0.497995 -0.135466 -0.35996 0.870347 0.65746 0.268581 0.432707 0.406417 -1.85305 
clearly : 0.154425 0.786964 0.18749 0.13555 -0.0902702 1.16136 0.704535 0.380407 -0.277451 0.83171 0.314008 -0.483746 0.656576 -0.521327 0.28467 0.196063 
beach : -0.215079 -0.250339 0.198275 0.101831 0.140919 1.77747 1.69362 -0.137673 0.528084 1.13398 -0.34104 0.523797 -0.101627 -0.620325 0.764005 -1.33749 
this : 0.787265 1.10196 0.444703 0.407341 2.18376 1.18958 -0.166525 0.889245 -0.421567 -0.952738 0.142824 1.49891 0.359903 -0.426416 -0.581877 -0.576948 
weekend. : 0.708285 0.0936576 0.502574 0.815996 0.932055 -0.177814 0.130356 0.049738 0.71073 -0.460193 0.272466 -0.125736 0.188822 -0.187601 0.093346 0.888384 
sounds : -0.223051 -0.988561 -1.0336 0.0898169 0.491839 -0.848367 -0.701302 0.0618381 -1.40354 0.638148 1.87075 0.687095 -0.822479 1.10013 0.534357 -0.804252 
fun. : -0.125708 0.255608 0.238921 0.895171 0.928038 -0.184937 -0.0619744 0.0573124 0.55823 0.393126 -0.790203 0.231021 0.22539 1.05699 0.568398 -0.893647 
what's : 0.952941 0.575847 -0.15342 1.09533 0.560061 0.284383 -0.0941989 0.378279 -1.75867 1.28359 0.0546299 1.36652 -1.11234 0.0508753 -0.956077 0.996301 
weather : -1.02176 1.71187 -0.146806 0.0810243 -0.829482 -0.570904 0.612213 0.613189 -0.810623 0.010785 0.267158 2.23295 -0.237668 1.62004 0.067219 -0.083507 
like? : 0.525804 0.0300761 0.317774 0.589724 0.789661 -0.820314 -0.202721 0.472806 0.682138 0.151743 0.510664 -0.0273442 0.859487 -0.196444 0.19956 0.510109 
heard : -0.960537 0.250535 -0.807657 1.06536 1.19226 -0.717842 -0.153951 0.188929 0.216768 0.0812263 0.844717 0.817181 -0.311048 -1.46107 0.628328 0.258721 
warm : -0.342525 0.681977 0.910856 0.677858 0.32453 0.411734 0.506744 -0.0190752 0.211583 1.57736 -0.825936 1.66348 -0.510829 -0.257124 0.512073 -1.38057 
perfect : 0.439957 -1.11964 -0.305378 0.305346 -0.37736 -0.172392 0.816383 1.9708 -0.430408 0.966486 -0.326564 0.62433 1.23589 -0.189688 -0.777901 -1.19811 
weather? : 0.795518 0.14857 0.720551 1.3828 0.25985 -0.368727 0.254414 0.734373 0.455332 0.276179 0.422588 -0.291096 0.854905 -0.57367 0.164446 0.320127 
believe : 0.164334 0.202298 0.613085 0.555739 -0.0353907 1.17862 -0.692972 0.595267 0.803932 -0.222223 1.24572 0.829934 0.259375 0.897191 1.31669 0.0338526 
so. : 1.00569 -0.226334 0.405199 1.09129 0.623472 -0.0877468 -0.287627 0.178766 0.648172 0.257048 1.0186 -0.324243 0.512902 -0.123187 -0.166027 0.905436 
